13.21214773414605
-437.8683774525559
-491.5002401449421
280.9468687649447
167.9596712172669
-545.1187795950068
162.21358480397657
427.1011818751768
35.546176433225526
80.02857272296808
-88.68949232787864
97.87928674212863
-728.2445508261027
-121.7149609056865
886.2525575032817
232.9444021340197
-82.46555353339292
-275.54890290186046
-353.15034287417654
-109.48318226388773
347.1986539754621
150.6931306312577
-48.7754045626756
-187.79038272632184
-139.38352033802755
280.37433633465776
111.11962853752237
25.8911088925964
-198.32848486247883
-214.92136403883336
-348.0542490039253
-173.56636179603066
753.9828307763675
-11.748547761508462
164.483361964373
-41.54582263828381
10.843068230916913
-432.91528297680935
785.6931747682022
250.73620780711173
288.3594089462891
217.75124205297914
-446.75983075772604
212.12969724313376
292.9533718234487
59.195910808681546
233.49484072159845
-1.1657021506343668
